image_00000 129 208 150 232
image_00001 129 215 146 235
image_00002 130 212 148 235
image_00003 129 211 150 236
image_00004 129 212 150 236
image_00005 129 210 150 237
image_00006 126 209 150 237
image_00007 127 208 154 238
image_00008 125 207 152 238
image_00009 124 209 152 237
image_00010 125 207 153 240
image_00011 122 204 154 238
image_00012 124 203 155 237
image_00013 123 204 155 240
image_00014 121 204 155 240
image_00015 121 204 157 241
image_00016 123 201 157 240
image_00017 124 201 160 235
image_00018 125 201 159 236
image_00019 123 202 159 237
image_00020 122 200 157 235
image_00021 123 198 159 233
image_00022 121 200 158 237
image_00023 119 200 159 236
image_00024 120 199 159 235
image_00025 120 198 160 235
image_00026 117 197 162 233
image_00027 116 198 161 235
image_00028 121 199 159 233
image_00029 122 201 162 235
image_00030 119 202 159 238
image_00031 120 203 161 234
image_00032 120 204 162 236
image_00033 120 204 167 237
image_00034 120 204 163 236
image_00035 119 206 161 237
image_00036 119 204 161 235
image_00037 120 206 161 234
image_00038 122 204 166 236
image_00039 120 207 161 235
image_00040 124 201 163 236
image_00041 122 202 162 235
image_00042 121 201 164 234
image_00043 120 200 164 234
image_00044 126 202 166 232
image_00045 126 199 167 232
image_00046 124 199 167 232
image_00047 123 199 168 232
image_00048 121 195 170 231
image_00049 124 199 168 232
image_00050 122 198 169 232
image_00051 123 199 167 233
image_00052 128 194 167 231
image_00053 119 199 172 232
image_00054 119 199 172 231
image_00055 117 198 174 236
image_00056 121 197 169 237
image_00057 121 202 168 236
image_00058 124 202 170 231
image_00059 121 200 168 233
image_00060 117 201 169 235
image_00061 120 202 170 236
image_00062 120 201 170 235
image_00063 126 198 167 235
