image_00000 204 263 237 293
image_00001 204 272 231 297
image_00002 205 268 234 296
image_00003 205 266 237 297
image_00004 204 268 237 298
image_00005 203 265 238 299
image_00006 200 263 238 299
image_00007 201 262 243 301
image_00008 198 261 241 300
image_00009 196 263 241 299
image_00010 198 261 242 302
image_00011 193 257 244 300
image_00012 197 256 245 300
image_00013 195 258 245 302
image_00014 192 257 246 302
image_00015 192 257 248 304
image_00016 194 254 248 302
image_00017 196 254 253 296
image_00018 198 253 251 298
image_00019 194 255 252 299
image_00020 193 252 249 296
image_00021 194 250 251 294
image_00022 191 252 250 299
image_00023 188 252 251 297
image_00024 191 251 252 296
image_00025 190 250 253 296
image_00026 185 249 256 294
image_00027 183 250 254 296
image_00028 192 251 251 294
image_00029 193 254 256 297
image_00030 188 255 252 300
image_00031 190 256 254 295
image_00032 190 257 257 298
image_00033 190 258 263 299
image_00034 190 258 258 298
image_00035 188 260 255 299
image_00036 188 258 254 296
image_00037 190 260 255 295
image_00038 194 258 262 298
image_00039 190 261 255 296
image_00040 196 254 258 297
image_00041 193 255 256 296
image_00042 192 253 259 295
image_00043 191 252 259 295
image_00044 199 255 262 293
image_00045 199 251 264 293
image_00046 197 251 263 293
image_00047 194 251 266 293
image_00048 192 246 270 292
image_00049 196 251 265 293
image_00050 192 250 267 293
image_00051 194 251 264 294
image_00052 202 245 264 292
image_00053 188 252 273 293
image_00054 188 252 273 292
image_00055 185 250 275 297
image_00056 191 248 268 298
image_00057 192 255 266 298
image_00058 196 255 269 292
image_00059 192 253 266 294
image_00060 186 253 268 296
image_00061 190 254 270 297
image_00062 190 254 268 297
image_00063 199 249 265 296
